pips = 3

Total CPU time used:     675µs
1 16
2 48
3 132
4 336
5 720
6 1224
7 1464
8 1008
9 288
10 0

---------------------
pips = 4

Total CPU time used:     1.239ms

1 25
2 100
3 380
4 1380
5 4560
6 13440
7 34800
8 78240
9 150600
10 248280
11 364920
12 485760
13 528000
14 380160
15 126720

---------------------
pips = 5

Total CPU time used:     3.243ms

1 36
2 180
3 870
4 4080
5 18000
6 74040
7 283320
8 1005840
9 3294720
10 9902880
11 27207360
12 68101200
13 154056960
14 307296000
15 515110320
16 678182400
17 642873600
18 384583680
19 108034560
20 0
21 0

---------------------
pips = 6

Total CPU time used:     11.841ms

1 49
2 294
3 1722
4 9870
5 54180
6 283500
7 1414560
8 6723360
9 30353400
10 129782520
11 524293560
12 1996359120
13 7141095360
14 23883919920
15 74247415200
16 213045935760
17 560226592800
18 1342423262880
19 2921965764480
20 5762864862720
21 10247768778240
22 16334520975360
23 23392954690560
24 30501341337600
25 35922559518720
26 35153265530880
27 23877689794560
28 7959229931520


---------------------
pips = 7
Total CPU time used:     107.726ms

1 64
2 448
3 3080
4 20832
5 136416
6 862512
7 5270160
8 31103520
9 177011520
10 969870720
11 5109646080
12 25849400640
13 125364328320
14 581737685760
15 2577541216320
16 10879947590400
17 43642953607680
18 165923387481600
19 596199481758720
20 2018791999284480
21 6420740933376000
22 19105422783068160
23 52931447525376000
24 135763090482216960
25 320120616440217600
26 686980440982241280
27 1320256931990814720
28 2214981850989035520
29 3124970324675297280
30 3518808345279037440
31 2931916243187957760
32 1592002680233656320
33 419609127152517120
34 0
35 0
36 0


---------------------
pips = 8

Total CPU time used:     1.76987s

1 81
2 648
3 5112
4 39816
5 302400
6 2235744
7 16105824
8 113012928
9 771625008
10 5121763920
11 33025482000
12 206706306240
13 1254678768000
14 7378221977280
15 41991407458560
16 231036940854720
17 1227440723402880
18 6288788566529280
19 31031095000187520
20 147255391305912960
21 671002588789384320
22 2931131808339840000
23 12252358202242556160
24 48912409227849431040
25 186076654910083768320
26 672977125806471198720
27 2307769967870575810560
28 7481464356907681136640
29 22854639772830497587200
30 65563325286345564733440
31 176006548608076463800320
32 440648565615072357580800
33 1025490403833612440371200
34 2211796325162852984586240
35 4410174590335419597619200
36 8114535924958885021286400
37 13753578198136254379130880
38 21417689077727734592962560
39 30555991991362139203829760
40 39978188078546909858365440
41 48213391996796243363758080
42 52885128988472944833331200
43 48924912956236865785036800
44 32258184366749581836288000
45 10752728122249860612096000

---------------------
pips = 9

Total CPU time used:     56.795232s

1 100
2 900
3 8010
4 70560
5 609120
6 5147280
7 42613200
8 345552480
9 2742768000
10 21297245760
11 161704045440
12 1199964114720
13 8698073328000
14 61550406731520
15 424943805817440
16 2860570050105600
17 18763167217536000
18 119836457836300800
19 744703338114892800
20 4499408565568224000
21 26409086024965056000
22 150454501870721932800
23 831222826893226252800
24 4449110881965964704000
25 23047796778025689331200
26 115428791225926251763200
27 558243952284263249491200
28 2603880709654347757670400
29 11698475318250812866252800
30 50551109959749364507852800
31 209778980226093160843161600
32 834660147245014968282316800
33 3178364797952073317029478400
34 11561319575701246972860825600
35 40087010525491944157718937600
36 132183461550106424269666713600
37 413415783718021560465948672000
38 1222716648610942283554947072000
39 3407678580371087407257427968000
40 8911346633261213491926142156800
41 21753072023816671718500918886400
42 49242284107223186879513749094400
43 102481627107368514060377918668800
44 193776346579981009999744519372800
45 327390344659793407147745948467200
46 482752011161833052547397032345600
47 601044720396869124280792645632000
48 602724715870210338704946993561600
49 453229902917712041660383651430400
50 225664923524966008806552109056000
51 55475709085834549242447790080000
52 0
53 0
54 0
55 0
